100.92 71.17 158.84
70.69 69.11 143.8
86.51 75.25 126.87
95.01 54.19 127.9
80.13 47.08 143.55
95.59 83.43 177.52
112.17 90.56 159.45
122.26 66.58 159.26
105.2 59.77 177.67
136.36 85.85 120.47
118.78 89.03 91.76
127.71 66.79 92.04
112.92 61.61 108.51
103.27 82.2 108.72
148.51 105.35 120.24
158.43 81.81 120.06
141.5 74.56 138.43
131.72 98.66 138.29
157.13 35.72 120.47
146.94 21.03 91.76
131.15 14.9 108.72
123.41 36.28 108.51
137.53 43.08 92.04
179.5 30.52 120.24
162.9 23.38 138.29
152.78 47.34 138.43
169.87 54.17 120.06
121.68 21.04 158.84
98.86 1.12 143.8
89.95 23.37 143.55
105.5 28.86 127.9
114.39 7.96 126.87
126.59 8.6 177.52
116.65 32.12 177.67
133.53 39.37 159.26
143.35 15.28 159.45
-71.17 100.92 158.84
-69.11 70.69 143.8
-75.25 86.51 126.87
-54.19 95.01 127.9
-47.08 80.13 143.55
-83.43 95.59 177.52
-90.56 112.17 159.45
-66.58 122.26 159.26
-59.77 105.2 177.67
-85.85 136.36 120.47
-89.03 118.78 91.76
-66.79 127.71 92.04
-61.61 112.92 108.51
-82.2 103.27 108.72
-105.35 148.51 120.24
-81.81 158.43 120.06
-74.56 141.5 138.43
-98.66 131.72 138.29
-35.72 157.13 120.47
-21.03 146.94 91.76
-14.9 131.15 108.72
-36.28 123.41 108.51
-43.08 137.53 92.04
-30.52 179.5 120.24
-23.38 162.9 138.29
-47.34 152.78 138.43
-54.17 169.87 120.06
-21.04 121.68 158.84
-1.12 98.86 143.8
-23.37 89.95 143.55
-28.86 105.5 127.9
-7.96 114.39 126.87
-8.6 126.59 177.52
-32.12 116.65 177.67
-39.37 133.53 159.26
-15.28 143.35 159.45
-100.92 -71.17 158.84
-70.69 -69.11 143.8
-86.51 -75.25 126.87
-95.01 -54.19 127.9
-80.13 -47.08 143.55
-95.59 -83.43 177.52
-112.17 -90.56 159.45
-122.26 -66.58 159.26
-105.2 -59.77 177.67
-136.36 -85.85 120.47
-118.78 -89.03 91.76
-127.71 -66.79 92.04
-112.92 -61.61 108.51
-103.27 -82.2 108.72
-148.51 -105.35 120.24
-158.43 -81.81 120.06
-141.5 -74.56 138.43
-131.72 -98.66 138.29
-157.13 -35.72 120.47
-146.94 -21.03 91.76
-131.15 -14.9 108.72
-123.41 -36.28 108.51
-137.53 -43.08 92.04
-179.5 -30.52 120.24
-162.9 -23.38 138.29
-152.78 -47.34 138.43
-169.87 -54.17 120.06
-121.68 -21.04 158.84
-98.86 -1.12 143.8
-89.95 -23.37 143.55
-105.5 -28.86 127.9
-114.39 -7.96 126.87
-126.59 -8.6 177.52
-116.65 -32.12 177.67
-133.53 -39.37 159.26
-143.35 -15.28 159.45
71.17 -100.92 158.84
69.11 -70.69 143.8
75.25 -86.51 126.87
54.19 -95.01 127.9
47.08 -80.13 143.55
83.43 -95.59 177.52
90.56 -112.17 159.45
66.58 -122.26 159.26
59.77 -105.2 177.67
85.85 -136.36 120.47
89.03 -118.78 91.76
66.79 -127.71 92.04
61.61 -112.92 108.51
82.2 -103.27 108.72
105.35 -148.51 120.24
81.81 -158.43 120.06
74.56 -141.5 138.43
98.66 -131.72 138.29
35.72 -157.13 120.47
21.03 -146.94 91.76
14.9 -131.15 108.72
36.28 -123.41 108.51
43.08 -137.53 92.04
30.52 -179.5 120.24
23.38 -162.9 138.29
47.34 -152.78 138.43
54.17 -169.87 120.06
21.04 -121.68 158.84
1.12 -98.86 143.8
23.37 -89.95 143.55
28.86 -105.5 127.9
7.96 -114.39 126.87
8.6 -126.59 177.52
32.12 -116.65 177.67
39.37 -133.53 159.26
15.28 -143.35 159.45
172.08 100.64 27.13
139.81 97.74 36.8
139.97 97.4 12.83
149.2 76.64 13.71
149 75.6 36.42
179.02 117.99 40.5
178.91 118.21 14.96
188.84 94.16 14.73
188.78 94.39 40.74
172.08 100.64 -27.13
139.81 97.74 -36.8
149 75.6 -36.42
149.2 76.64 -13.71
139.97 97.4 -12.83
179.02 117.99 -40.5
188.78 94.39 -40.74
188.84 94.16 -14.73
178.91 118.21 -14.96
192.85 50.52 -27.13
167.97 29.74 -36.8
167.85 30.1 -12.83
159.69 51.31 -13.71
158.82 51.9 -36.42
210.02 43.16 -40.5
210.09 42.93 -14.96
200.11 66.95 -14.73
200.23 66.75 -40.74
192.85 50.52 27.13
167.97 29.74 36.8
158.82 51.9 36.42
159.69 51.31 13.71
167.85 30.1 12.83
210.02 43.16 40.5
200.23 66.75 40.74
200.11 66.95 14.73
210.09 42.93 14.96
50.52 192.85 27.13
29.74 167.97 36.8
30.1 167.85 12.83
51.31 159.69 13.71
51.9 158.82 36.42
43.16 210.02 40.5
42.93 210.09 14.96
66.95 200.11 14.73
66.75 200.23 40.74
50.52 192.85 -27.13
29.74 167.97 -36.8
51.9 158.82 -36.42
51.31 159.69 -13.71
30.1 167.85 -12.83
43.16 210.02 -40.5
66.75 200.23 -40.74
66.95 200.11 -14.73
42.93 210.09 -14.96
100.64 172.08 -27.13
97.74 139.81 -36.8
97.4 139.97 -12.83
76.64 149.2 -13.71
75.6 149 -36.42
117.99 179.02 -40.5
118.21 178.91 -14.96
94.16 188.84 -14.73
94.39 188.78 -40.74
100.64 172.08 27.13
97.74 139.81 36.8
75.6 149 36.42
76.64 149.2 13.71
97.4 139.97 12.83
117.99 179.02 40.5
94.39 188.78 40.74
94.16 188.84 14.73
118.21 178.91 14.96
-100.64 172.08 27.13
-97.74 139.81 36.8
-97.4 139.97 12.83
-76.64 149.2 13.71
-75.6 149 36.42
-117.99 179.02 40.5
-118.21 178.91 14.96
-94.16 188.84 14.73
-94.39 188.78 40.74
-100.64 172.08 -27.13
-97.74 139.81 -36.8
-75.6 149 -36.42
-76.64 149.2 -13.71
-97.4 139.97 -12.83
-117.99 179.02 -40.5
-94.39 188.78 -40.74
-94.16 188.84 -14.73
-118.21 178.91 -14.96
-50.52 192.85 -27.13
-29.74 167.97 -36.8
-30.1 167.85 -12.83
-51.31 159.69 -13.71
-51.9 158.82 -36.42
-43.16 210.02 -40.5
-42.93 210.09 -14.96
-66.95 200.11 -14.73
-66.75 200.23 -40.74
-50.52 192.85 27.13
-29.74 167.97 36.8
-51.9 158.82 36.42
-51.31 159.69 13.71
-30.1 167.85 12.83
-43.16 210.02 40.5
-66.75 200.23 40.74
-66.95 200.11 14.73
-42.93 210.09 14.96
-192.85 50.52 27.13
-167.97 29.74 36.8
-167.85 30.1 12.83
-159.69 51.31 13.71
-158.82 51.9 36.42
-210.02 43.16 40.5
-210.09 42.93 14.96
-200.11 66.95 14.73
-200.23 66.75 40.74
-192.85 50.52 -27.13
-167.97 29.74 -36.8
-158.82 51.9 -36.42
-159.69 51.31 -13.71
-167.85 30.1 -12.83
-210.02 43.16 -40.5
-200.23 66.75 -40.74
-200.11 66.95 -14.73
-210.09 42.93 -14.96
-172.08 100.64 -27.13
-139.81 97.74 -36.8
-139.97 97.4 -12.83
-149.2 76.64 -13.71
-149 75.6 -36.42
-179.02 117.99 -40.5
-178.91 118.21 -14.96
-188.84 94.16 -14.73
-188.78 94.39 -40.74
-172.08 100.64 27.13
-139.81 97.74 36.8
-149 75.6 36.42
-149.2 76.64 13.71
-139.97 97.4 12.83
-179.02 117.99 40.5
-188.78 94.39 40.74
-188.84 94.16 14.73
-178.91 118.21 14.96
-172.08 -100.64 27.13
-139.81 -97.74 36.8
-139.97 -97.4 12.83
-149.2 -76.64 13.71
-149 -75.6 36.42
-179.02 -117.99 40.5
-178.91 -118.21 14.96
-188.84 -94.16 14.73
-188.78 -94.39 40.74
-172.08 -100.64 -27.13
-139.81 -97.74 -36.8
-149 -75.6 -36.42
-149.2 -76.64 -13.71
-139.97 -97.4 -12.83
-179.02 -117.99 -40.5
-188.78 -94.39 -40.74
-188.84 -94.16 -14.73
-178.91 -118.21 -14.96
-192.85 -50.52 -27.13
-167.97 -29.74 -36.8
-167.85 -30.1 -12.83
-159.69 -51.31 -13.71
-158.82 -51.9 -36.42
-210.02 -43.16 -40.5
-210.09 -42.93 -14.96
-200.11 -66.95 -14.73
-200.23 -66.75 -40.74
-192.85 -50.52 27.13
-167.97 -29.74 36.8
-158.82 -51.9 36.42
-159.69 -51.31 13.71
-167.85 -30.1 12.83
-210.02 -43.16 40.5
-200.23 -66.75 40.74
-200.11 -66.95 14.73
-210.09 -42.93 14.96
-50.52 -192.85 27.13
-29.74 -167.97 36.8
-30.1 -167.85 12.83
-51.31 -159.69 13.71
-51.9 -158.82 36.42
-43.16 -210.02 40.5
-42.93 -210.09 14.96
-66.95 -200.11 14.73
-66.75 -200.23 40.74
-50.52 -192.85 -27.13
-29.74 -167.97 -36.8
-51.9 -158.82 -36.42
-51.31 -159.69 -13.71
-30.1 -167.85 -12.83
-43.16 -210.02 -40.5
-66.75 -200.23 -40.74
-66.95 -200.11 -14.73
-42.93 -210.09 -14.96
-100.64 -172.08 -27.13
-97.74 -139.81 -36.8
-97.4 -139.97 -12.83
-76.64 -149.2 -13.71
-75.6 -149 -36.42
-117.99 -179.02 -40.5
-118.21 -178.91 -14.96
-94.16 -188.84 -14.73
-94.39 -188.78 -40.74
-100.64 -172.08 27.13
-97.74 -139.81 36.8
-75.6 -149 36.42
-76.64 -149.2 13.71
-97.4 -139.97 12.83
-117.99 -179.02 40.5
-94.39 -188.78 40.74
-94.16 -188.84 14.73
-118.21 -178.91 14.96
100.64 -172.08 27.13
97.74 -139.81 36.8
97.4 -139.97 12.83
76.64 -149.2 13.71
75.6 -149 36.42
117.99 -179.02 40.5
118.21 -178.91 14.96
94.16 -188.84 14.73
94.39 -188.78 40.74
100.64 -172.08 -27.13
97.74 -139.81 -36.8
75.6 -149 -36.42
76.64 -149.2 -13.71
97.4 -139.97 -12.83
117.99 -179.02 -40.5
94.39 -188.78 -40.74
94.16 -188.84 -14.73
118.21 -178.91 -14.96
50.52 -192.85 -27.13
29.74 -167.97 -36.8
30.1 -167.85 -12.83
51.31 -159.69 -13.71
51.9 -158.82 -36.42
43.16 -210.02 -40.5
42.93 -210.09 -14.96
66.95 -200.11 -14.73
66.75 -200.23 -40.74
50.52 -192.85 27.13
29.74 -167.97 36.8
51.9 -158.82 36.42
51.31 -159.69 13.71
30.1 -167.85 12.83
43.16 -210.02 40.5
66.75 -200.23 40.74
66.95 -200.11 14.73
42.93 -210.09 14.96
192.85 -50.52 27.13
167.97 -29.74 36.8
167.85 -30.1 12.83
159.69 -51.31 13.71
158.82 -51.9 36.42
210.02 -43.16 40.5
210.09 -42.93 14.96
200.11 -66.95 14.73
200.23 -66.75 40.74
192.85 -50.52 -27.13
167.97 -29.74 -36.8
158.82 -51.9 -36.42
159.69 -51.31 -13.71
167.85 -30.1 -12.83
210.02 -43.16 -40.5
200.23 -66.75 -40.74
200.11 -66.95 -14.73
210.09 -42.93 -14.96
172.08 -100.64 -27.13
139.81 -97.74 -36.8
139.97 -97.4 -12.83
149.2 -76.64 -13.71
149 -75.6 -36.42
179.02 -117.99 -40.5
178.91 -118.21 -14.96
188.84 -94.16 -14.73
188.78 -94.39 -40.74
172.08 -100.64 27.13
139.81 -97.74 36.8
149 -75.6 36.42
149.2 -76.64 13.71
139.97 -97.4 12.83
179.02 -117.99 40.5
188.78 -94.39 40.74
188.84 -94.16 14.73
178.91 -118.21 14.96
136.36 85.85 -120.47
118.78 89.03 -91.76
103.27 82.2 -108.72
112.92 61.61 -108.51
127.71 66.79 -92.04
148.51 105.35 -120.24
131.72 98.66 -138.29
141.5 74.56 -138.43
158.43 81.81 -120.06
100.92 71.17 -158.84
70.69 69.11 -143.8
80.13 47.08 -143.55
95.01 54.19 -127.9
86.51 75.25 -126.87
95.59 83.43 -177.52
105.2 59.77 -177.67
122.26 66.58 -159.26
112.17 90.56 -159.45
121.68 21.04 -158.84
98.86 1.12 -143.8
114.39 7.96 -126.87
105.5 28.86 -127.9
89.95 23.37 -143.55
126.59 8.6 -177.52
143.35 15.28 -159.45
133.53 39.37 -159.26
116.65 32.12 -177.67
157.13 35.72 -120.47
146.94 21.03 -91.76
137.53 43.08 -92.04
123.41 36.28 -108.51
131.15 14.9 -108.72
179.5 30.52 -120.24
169.87 54.17 -120.06
152.78 47.34 -138.43
162.9 23.38 -138.29
-85.85 136.36 -120.47
-89.03 118.78 -91.76
-82.2 103.27 -108.72
-61.61 112.92 -108.51
-66.79 127.71 -92.04
-105.35 148.51 -120.24
-98.66 131.72 -138.29
-74.56 141.5 -138.43
-81.81 158.43 -120.06
-71.17 100.92 -158.84
-69.11 70.69 -143.8
-47.08 80.13 -143.55
-54.19 95.01 -127.9
-75.25 86.51 -126.87
-83.43 95.59 -177.52
-59.77 105.2 -177.67
-66.58 122.26 -159.26
-90.56 112.17 -159.45
-21.04 121.68 -158.84
-1.12 98.86 -143.8
-7.96 114.39 -126.87
-28.86 105.5 -127.9
-23.37 89.95 -143.55
-8.6 126.59 -177.52
-15.28 143.35 -159.45
-39.37 133.53 -159.26
-32.12 116.65 -177.67
-35.72 157.13 -120.47
-21.03 146.94 -91.76
-43.08 137.53 -92.04
-36.28 123.41 -108.51
-14.9 131.15 -108.72
-30.52 179.5 -120.24
-54.17 169.87 -120.06
-47.34 152.78 -138.43
-23.38 162.9 -138.29
-136.36 -85.85 -120.47
-118.78 -89.03 -91.76
-103.27 -82.2 -108.72
-112.92 -61.61 -108.51
-127.71 -66.79 -92.04
-148.51 -105.35 -120.24
-131.72 -98.66 -138.29
-141.5 -74.56 -138.43
-158.43 -81.81 -120.06
-100.92 -71.17 -158.84
-70.69 -69.11 -143.8
-80.13 -47.08 -143.55
-95.01 -54.19 -127.9
-86.51 -75.25 -126.87
-95.59 -83.43 -177.52
-105.2 -59.77 -177.67
-122.26 -66.58 -159.26
-112.17 -90.56 -159.45
-121.68 -21.04 -158.84
-98.86 -1.12 -143.8
-114.39 -7.96 -126.87
-105.5 -28.86 -127.9
-89.95 -23.37 -143.55
-126.59 -8.6 -177.52
-143.35 -15.28 -159.45
-133.53 -39.37 -159.26
-116.65 -32.12 -177.67
-157.13 -35.72 -120.47
-146.94 -21.03 -91.76
-137.53 -43.08 -92.04
-123.41 -36.28 -108.51
-131.15 -14.9 -108.72
-179.5 -30.52 -120.24
-169.87 -54.17 -120.06
-152.78 -47.34 -138.43
-162.9 -23.38 -138.29
85.85 -136.36 -120.47
89.03 -118.78 -91.76
82.2 -103.27 -108.72
61.61 -112.92 -108.51
66.79 -127.71 -92.04
105.35 -148.51 -120.24
98.66 -131.72 -138.29
74.56 -141.5 -138.43
81.81 -158.43 -120.06
71.17 -100.92 -158.84
69.11 -70.69 -143.8
47.08 -80.13 -143.55
54.19 -95.01 -127.9
75.25 -86.51 -126.87
83.43 -95.59 -177.52
59.77 -105.2 -177.67
66.58 -122.26 -159.26
90.56 -112.17 -159.45
21.04 -121.68 -158.84
1.12 -98.86 -143.8
7.96 -114.39 -126.87
28.86 -105.5 -127.9
23.37 -89.95 -143.55
8.6 -126.59 -177.52
15.28 -143.35 -159.45
39.37 -133.53 -159.26
32.12 -116.65 -177.67
35.72 -157.13 -120.47
21.03 -146.94 -91.76
43.08 -137.53 -92.04
36.28 -123.41 -108.51
14.9 -131.15 -108.72
30.52 -179.5 -120.24
54.17 -169.87 -120.06
47.34 -152.78 -138.43
23.38 -162.9 -138.29
