78.05 61.7 134.09
47.83 59.64 119.06
63.65 65.78 102.12
72.14 44.72 103.15
57.26 37.61 118.8
72.73 73.96 152.77
89.31 81.09 134.7
99.39 57.11 134.51
82.33 50.3 152.93
113.5 76.38 95.72
95.91 79.56 67.01
104.85 57.32 67.3
90.05 52.14 83.76
80.41 72.73 83.98
125.64 95.88 95.49
135.56 72.34 95.31
118.64 65.08 113.68
108.85 89.19 113.54
134.26 26.25 95.72
124.08 11.56 67.01
108.28 5.43 83.98
100.55 26.81 83.76
114.67 33.61 67.3
156.64 21.05 95.49
140.03 13.91 113.54
129.91 37.87 113.68
147.01 44.7 95.31
98.82 11.57 134.09
75.99 -8.35 119.06
67.08 13.9 118.8
82.63 19.39 103.15
91.52 -1.51 102.12
103.72 -0.87 152.77
93.78 22.65 152.93
110.66 29.9 134.51
120.49 5.81 134.7
-61.7 78.05 134.09
-59.64 47.83 119.06
-65.78 63.65 102.12
-44.72 72.14 103.15
-37.61 57.26 118.8
-73.96 72.73 152.77
-81.09 89.31 134.7
-57.11 99.39 134.51
-50.3 82.33 152.93
-76.38 113.5 95.72
-79.56 95.91 67.01
-57.32 104.85 67.3
-52.14 90.05 83.76
-72.73 80.41 83.98
-95.88 125.64 95.49
-72.34 135.56 95.31
-65.08 118.64 113.68
-89.19 108.85 113.54
-26.25 134.26 95.72
-11.56 124.08 67.01
-5.43 108.28 83.98
-26.81 100.55 83.76
-33.61 114.67 67.3
-21.05 156.64 95.49
-13.91 140.03 113.54
-37.87 129.91 113.68
-44.7 147.01 95.31
-11.57 98.82 134.09
8.35 75.99 119.06
-13.9 67.08 118.8
-19.39 82.63 103.15
1.51 91.52 102.12
0.87 103.72 152.77
-22.65 93.78 152.93
-29.9 110.66 134.51
-5.81 120.49 134.7
-78.05 -61.7 134.09
-47.83 -59.64 119.06
-63.65 -65.78 102.12
-72.14 -44.72 103.15
-57.26 -37.61 118.8
-72.73 -73.96 152.77
-89.31 -81.09 134.7
-99.39 -57.11 134.51
-82.33 -50.3 152.93
-113.5 -76.38 95.72
-95.91 -79.56 67.01
-104.85 -57.32 67.3
-90.05 -52.14 83.76
-80.41 -72.73 83.98
-125.64 -95.88 95.49
-135.56 -72.34 95.31
-118.64 -65.08 113.68
-108.85 -89.19 113.54
-134.26 -26.25 95.72
-124.08 -11.56 67.01
-108.28 -5.43 83.98
-100.55 -26.81 83.76
-114.67 -33.61 67.3
-156.64 -21.05 95.49
-140.03 -13.91 113.54
-129.91 -37.87 113.68
-147.01 -44.7 95.31
-98.82 -11.57 134.09
-75.99 8.35 119.06
-67.08 -13.9 118.8
-82.63 -19.39 103.15
-91.52 1.51 102.12
-103.72 0.87 152.77
-93.78 -22.65 152.93
-110.66 -29.9 134.51
-120.49 -5.81 134.7
61.7 -78.05 134.09
59.64 -47.83 119.06
65.78 -63.65 102.12
44.72 -72.14 103.15
37.61 -57.26 118.8
73.96 -72.73 152.77
81.09 -89.31 134.7
57.11 -99.39 134.51
50.3 -82.33 152.93
76.38 -113.5 95.72
79.56 -95.91 67.01
57.32 -104.85 67.3
52.14 -90.05 83.76
72.73 -80.41 83.98
95.88 -125.64 95.49
72.34 -135.56 95.31
65.08 -118.64 113.68
89.19 -108.85 113.54
26.25 -134.26 95.72
11.56 -124.08 67.01
5.43 -108.28 83.98
26.81 -100.55 83.76
33.61 -114.67 67.3
21.05 -156.64 95.49
13.91 -140.03 113.54
37.87 -129.91 113.68
44.7 -147.01 95.31
11.57 -98.82 134.09
-8.35 -75.99 119.06
13.9 -67.08 118.8
19.39 -82.63 103.15
-1.51 -91.52 102.12
-0.87 -103.72 152.77
22.65 -93.78 152.93
29.9 -110.66 134.51
5.81 -120.49 134.7
139.75 87.25 27.13
107.47 84.35 36.8
107.64 84.01 12.83
116.86 63.25 13.71
116.66 62.21 36.42
146.69 104.6 40.5
146.58 104.81 14.96
156.5 80.77 14.73
156.44 80.99 40.74
139.75 87.25 -27.13
107.47 84.35 -36.8
116.66 62.21 -36.42
116.86 63.25 -13.71
107.64 84.01 -12.83
146.69 104.6 -40.5
156.44 80.99 -40.74
156.5 80.77 -14.73
146.58 104.81 -14.96
160.51 37.12 -27.13
135.64 16.35 -36.8
135.51 16.71 -12.83
127.36 37.91 -13.71
126.48 38.5 -36.42
177.69 29.76 -40.5
177.76 29.53 -14.96
167.78 53.55 -14.73
167.89 53.35 -40.74
160.51 37.12 27.13
135.64 16.35 36.8
126.48 38.5 36.42
127.36 37.91 13.71
135.51 16.71 12.83
177.69 29.76 40.5
167.89 53.35 40.74
167.78 53.55 14.73
177.76 29.53 14.96
37.12 160.51 27.13
16.35 135.64 36.8
16.71 135.51 12.83
37.91 127.36 13.71
38.5 126.48 36.42
29.76 177.69 40.5
29.53 177.76 14.96
53.55 167.78 14.73
53.35 167.89 40.74
37.12 160.51 -27.13
16.35 135.64 -36.8
38.5 126.48 -36.42
37.91 127.36 -13.71
16.71 135.51 -12.83
29.76 177.69 -40.5
53.35 167.89 -40.74
53.55 167.78 -14.73
29.53 177.76 -14.96
87.25 139.75 -27.13
84.35 107.47 -36.8
84.01 107.64 -12.83
63.25 116.86 -13.71
62.21 116.66 -36.42
104.6 146.69 -40.5
104.81 146.58 -14.96
80.77 156.5 -14.73
80.99 156.44 -40.74
87.25 139.75 27.13
84.35 107.47 36.8
62.21 116.66 36.42
63.25 116.86 13.71
84.01 107.64 12.83
104.6 146.69 40.5
80.99 156.44 40.74
80.77 156.5 14.73
104.81 146.58 14.96
-87.25 139.75 27.13
-84.35 107.47 36.8
-84.01 107.64 12.83
-63.25 116.86 13.71
-62.21 116.66 36.42
-104.6 146.69 40.5
-104.81 146.58 14.96
-80.77 156.5 14.73
-80.99 156.44 40.74
-87.25 139.75 -27.13
-84.35 107.47 -36.8
-62.21 116.66 -36.42
-63.25 116.86 -13.71
-84.01 107.64 -12.83
-104.6 146.69 -40.5
-80.99 156.44 -40.74
-80.77 156.5 -14.73
-104.81 146.58 -14.96
-37.12 160.51 -27.13
-16.35 135.64 -36.8
-16.71 135.51 -12.83
-37.91 127.36 -13.71
-38.5 126.48 -36.42
-29.76 177.69 -40.5
-29.53 177.76 -14.96
-53.55 167.78 -14.73
-53.35 167.89 -40.74
-37.12 160.51 27.13
-16.35 135.64 36.8
-38.5 126.48 36.42
-37.91 127.36 13.71
-16.71 135.51 12.83
-29.76 177.69 40.5
-53.35 167.89 40.74
-53.55 167.78 14.73
-29.53 177.76 14.96
-160.51 37.12 27.13
-135.64 16.35 36.8
-135.51 16.71 12.83
-127.36 37.91 13.71
-126.48 38.5 36.42
-177.69 29.76 40.5
-177.76 29.53 14.96
-167.78 53.55 14.73
-167.89 53.35 40.74
-160.51 37.12 -27.13
-135.64 16.35 -36.8
-126.48 38.5 -36.42
-127.36 37.91 -13.71
-135.51 16.71 -12.83
-177.69 29.76 -40.5
-167.89 53.35 -40.74
-167.78 53.55 -14.73
-177.76 29.53 -14.96
-139.75 87.25 -27.13
-107.47 84.35 -36.8
-107.64 84.01 -12.83
-116.86 63.25 -13.71
-116.66 62.21 -36.42
-146.69 104.6 -40.5
-146.58 104.81 -14.96
-156.5 80.77 -14.73
-156.44 80.99 -40.74
-139.75 87.25 27.13
-107.47 84.35 36.8
-116.66 62.21 36.42
-116.86 63.25 13.71
-107.64 84.01 12.83
-146.69 104.6 40.5
-156.44 80.99 40.74
-156.5 80.77 14.73
-146.58 104.81 14.96
-139.75 -87.25 27.13
-107.47 -84.35 36.8
-107.64 -84.01 12.83
-116.86 -63.25 13.71
-116.66 -62.21 36.42
-146.69 -104.6 40.5
-146.58 -104.81 14.96
-156.5 -80.77 14.73
-156.44 -80.99 40.74
-139.75 -87.25 -27.13
-107.47 -84.35 -36.8
-116.66 -62.21 -36.42
-116.86 -63.25 -13.71
-107.64 -84.01 -12.83
-146.69 -104.6 -40.5
-156.44 -80.99 -40.74
-156.5 -80.77 -14.73
-146.58 -104.81 -14.96
-160.51 -37.12 -27.13
-135.64 -16.35 -36.8
-135.51 -16.71 -12.83
-127.36 -37.91 -13.71
-126.48 -38.5 -36.42
-177.69 -29.76 -40.5
-177.76 -29.53 -14.96
-167.78 -53.55 -14.73
-167.89 -53.35 -40.74
-160.51 -37.12 27.13
-135.64 -16.35 36.8
-126.48 -38.5 36.42
-127.36 -37.91 13.71
-135.51 -16.71 12.83
-177.69 -29.76 40.5
-167.89 -53.35 40.74
-167.78 -53.55 14.73
-177.76 -29.53 14.96
-37.12 -160.51 27.13
-16.35 -135.64 36.8
-16.71 -135.51 12.83
-37.91 -127.36 13.71
-38.5 -126.48 36.42
-29.76 -177.69 40.5
-29.53 -177.76 14.96
-53.55 -167.78 14.73
-53.35 -167.89 40.74
-37.12 -160.51 -27.13
-16.35 -135.64 -36.8
-38.5 -126.48 -36.42
-37.91 -127.36 -13.71
-16.71 -135.51 -12.83
-29.76 -177.69 -40.5
-53.35 -167.89 -40.74
-53.55 -167.78 -14.73
-29.53 -177.76 -14.96
-87.25 -139.75 -27.13
-84.35 -107.47 -36.8
-84.01 -107.64 -12.83
-63.25 -116.86 -13.71
-62.21 -116.66 -36.42
-104.6 -146.69 -40.5
-104.81 -146.58 -14.96
-80.77 -156.5 -14.73
-80.99 -156.44 -40.74
-87.25 -139.75 27.13
-84.35 -107.47 36.8
-62.21 -116.66 36.42
-63.25 -116.86 13.71
-84.01 -107.64 12.83
-104.6 -146.69 40.5
-80.99 -156.44 40.74
-80.77 -156.5 14.73
-104.81 -146.58 14.96
87.25 -139.75 27.13
84.35 -107.47 36.8
84.01 -107.64 12.83
63.25 -116.86 13.71
62.21 -116.66 36.42
104.6 -146.69 40.5
104.81 -146.58 14.96
80.77 -156.5 14.73
80.99 -156.44 40.74
87.25 -139.75 -27.13
84.35 -107.47 -36.8
62.21 -116.66 -36.42
63.25 -116.86 -13.71
84.01 -107.64 -12.83
104.6 -146.69 -40.5
80.99 -156.44 -40.74
80.77 -156.5 -14.73
104.81 -146.58 -14.96
37.12 -160.51 -27.13
16.35 -135.64 -36.8
16.71 -135.51 -12.83
37.91 -127.36 -13.71
38.5 -126.48 -36.42
29.76 -177.69 -40.5
29.53 -177.76 -14.96
53.55 -167.78 -14.73
53.35 -167.89 -40.74
37.12 -160.51 27.13
16.35 -135.64 36.8
38.5 -126.48 36.42
37.91 -127.36 13.71
16.71 -135.51 12.83
29.76 -177.69 40.5
53.35 -167.89 40.74
53.55 -167.78 14.73
29.53 -177.76 14.96
160.51 -37.12 27.13
135.64 -16.35 36.8
135.51 -16.71 12.83
127.36 -37.91 13.71
126.48 -38.5 36.42
177.69 -29.76 40.5
177.76 -29.53 14.96
167.78 -53.55 14.73
167.89 -53.35 40.74
160.51 -37.12 -27.13
135.64 -16.35 -36.8
126.48 -38.5 -36.42
127.36 -37.91 -13.71
135.51 -16.71 -12.83
177.69 -29.76 -40.5
167.89 -53.35 -40.74
167.78 -53.55 -14.73
177.76 -29.53 -14.96
139.75 -87.25 -27.13
107.47 -84.35 -36.8
107.64 -84.01 -12.83
116.86 -63.25 -13.71
116.66 -62.21 -36.42
146.69 -104.6 -40.5
146.58 -104.81 -14.96
156.5 -80.77 -14.73
156.44 -80.99 -40.74
139.75 -87.25 27.13
107.47 -84.35 36.8
116.66 -62.21 36.42
116.86 -63.25 13.71
107.64 -84.01 12.83
146.69 -104.6 40.5
156.44 -80.99 40.74
156.5 -80.77 14.73
146.58 -104.81 14.96
113.5 76.38 -95.72
95.91 79.56 -67.01
80.41 72.73 -83.98
90.05 52.14 -83.76
104.85 57.32 -67.3
125.64 95.88 -95.49
108.85 89.19 -113.54
118.64 65.08 -113.68
135.56 72.34 -95.31
78.05 61.7 -134.09
47.83 59.64 -119.06
57.26 37.61 -118.8
72.14 44.72 -103.15
63.65 65.78 -102.12
72.73 73.96 -152.77
82.33 50.3 -152.93
99.39 57.11 -134.51
89.31 81.09 -134.7
98.82 11.57 -134.09
75.99 -8.35 -119.06
91.52 -1.51 -102.12
82.63 19.39 -103.15
67.08 13.9 -118.8
103.72 -0.87 -152.77
120.49 5.81 -134.7
110.66 29.9 -134.51
93.78 22.65 -152.93
134.26 26.25 -95.72
124.08 11.56 -67.01
114.67 33.61 -67.3
100.55 26.81 -83.76
108.28 5.43 -83.98
156.64 21.05 -95.49
147.01 44.7 -95.31
129.91 37.87 -113.68
140.03 13.91 -113.54
-76.38 113.5 -95.72
-79.56 95.91 -67.01
-72.73 80.41 -83.98
-52.14 90.05 -83.76
-57.32 104.85 -67.3
-95.88 125.64 -95.49
-89.19 108.85 -113.54
-65.08 118.64 -113.68
-72.34 135.56 -95.31
-61.7 78.05 -134.09
-59.64 47.83 -119.06
-37.61 57.26 -118.8
-44.72 72.14 -103.15
-65.78 63.65 -102.12
-73.96 72.73 -152.77
-50.3 82.33 -152.93
-57.11 99.39 -134.51
-81.09 89.31 -134.7
-11.57 98.82 -134.09
8.35 75.99 -119.06
1.51 91.52 -102.12
-19.39 82.63 -103.15
-13.9 67.08 -118.8
0.87 103.72 -152.77
-5.81 120.49 -134.7
-29.9 110.66 -134.51
-22.65 93.78 -152.93
-26.25 134.26 -95.72
-11.56 124.08 -67.01
-33.61 114.67 -67.3
-26.81 100.55 -83.76
-5.43 108.28 -83.98
-21.05 156.64 -95.49
-44.7 147.01 -95.31
-37.87 129.91 -113.68
-13.91 140.03 -113.54
-113.5 -76.38 -95.72
-95.91 -79.56 -67.01
-80.41 -72.73 -83.98
-90.05 -52.14 -83.76
-104.85 -57.32 -67.3
-125.64 -95.88 -95.49
-108.85 -89.19 -113.54
-118.64 -65.08 -113.68
-135.56 -72.34 -95.31
-78.05 -61.7 -134.09
-47.83 -59.64 -119.06
-57.26 -37.61 -118.8
-72.14 -44.72 -103.15
-63.65 -65.78 -102.12
-72.73 -73.96 -152.77
-82.33 -50.3 -152.93
-99.39 -57.11 -134.51
-89.31 -81.09 -134.7
-98.82 -11.57 -134.09
-75.99 8.35 -119.06
-91.52 1.51 -102.12
-82.63 -19.39 -103.15
-67.08 -13.9 -118.8
-103.72 0.87 -152.77
-120.49 -5.81 -134.7
-110.66 -29.9 -134.51
-93.78 -22.65 -152.93
-134.26 -26.25 -95.72
-124.08 -11.56 -67.01
-114.67 -33.61 -67.3
-100.55 -26.81 -83.76
-108.28 -5.43 -83.98
-156.64 -21.05 -95.49
-147.01 -44.7 -95.31
-129.91 -37.87 -113.68
-140.03 -13.91 -113.54
76.38 -113.5 -95.72
79.56 -95.91 -67.01
72.73 -80.41 -83.98
52.14 -90.05 -83.76
57.32 -104.85 -67.3
95.88 -125.64 -95.49
89.19 -108.85 -113.54
65.08 -118.64 -113.68
72.34 -135.56 -95.31
61.7 -78.05 -134.09
59.64 -47.83 -119.06
37.61 -57.26 -118.8
44.72 -72.14 -103.15
65.78 -63.65 -102.12
73.96 -72.73 -152.77
50.3 -82.33 -152.93
57.11 -99.39 -134.51
81.09 -89.31 -134.7
11.57 -98.82 -134.09
-8.35 -75.99 -119.06
-1.51 -91.52 -102.12
19.39 -82.63 -103.15
13.9 -67.08 -118.8
-0.87 -103.72 -152.77
5.81 -120.49 -134.7
29.9 -110.66 -134.51
22.65 -93.78 -152.93
26.25 -134.26 -95.72
11.56 -124.08 -67.01
33.61 -114.67 -67.3
26.81 -100.55 -83.76
5.43 -108.28 -83.98
21.05 -156.64 -95.49
44.7 -147.01 -95.31
37.87 -129.91 -113.68
13.91 -140.03 -113.54
